0 0.306640625 0.515625 0.03125 0.03125
0 0.0078125 0.732421875 0.015625 0.03125
0 0.0078125 0.708984375 0.015625 0.03125
0 0.302734375 0.41015625 0.03125 0.03125
0 0.25 0.837890625 0.03125 0.03125
0 0.251953125 0.853515625 0.03125 0.03125
0 0.703125 0.90234375 0.03125 0.03125
0 0.70703125 0.890625 0.03125 0.03125
0 0.724609375 0.888671875 0.03125 0.03125
0 0.880859375 0.552734375 0.03125 0.03125
0 0.892578125 0.548828125 0.03125 0.03125
0 0.560546875 0.27734375 0.03125 0.03125
0 0.56640625 0.2734375 0.03125 0.03125
0 0.6953125 0.04296875 0.03125 0.03125
0 0.740234375 0.05078125 0.03125 0.03125
0 0.7578125 0.046875 0.03125 0.03125
0 0.751953125 0.03515625 0.03125 0.03125
0 0.12109375 0.01953125 0.03125 0.03125
0 0.5625 0.7890625 0.03125 0.03125
0 0.580078125 0.763671875 0.03125 0.03125
0 0.546875 0.75390625 0.03125 0.03125
0 0.55859375 0.767578125 0.03125 0.03125
0 0.5703125 0.763671875 0.03125 0.03125