0 0.390625 0.24609375 0.03125 0.03125
0 0.400390625 0.12109375 0.03125 0.03125
0 0.517578125 0.29296875 0.03125 0.03125
0 0.53125 0.16015625 0.03125 0.03125
0 0.5390625 0.150390625 0.03125 0.03125
0 0.79296875 0.880859375 0.03125 0.03125
0 0.8046875 0.8828125 0.03125 0.03125
0 0.755859375 0.603515625 0.03125 0.03125
0 0.759765625 0.595703125 0.03125 0.03125
0 0.69140625 0.458984375 0.03125 0.03125
0 0.701171875 0.447265625 0.03125 0.03125
0 0.609375 0.4609375 0.03125 0.03125
0 0.619140625 0.45703125 0.03125 0.03125
0 0.287109375 0.841796875 0.03125 0.03125
0 0.296875 0.83984375 0.03125 0.03125
0 0.98046875 0.6875 0.03125 0.03125
0 0.98876953125 0.68798828125 0.0205078125 0.0322265625
0 0.98681640625 0.66650390625 0.0244140625 0.0322265625
0 0.98046875 0.673828125 0.03125 0.03125
0 0.666015625 0.787109375 0.03125 0.03125
0 0.65625 0.79296875 0.03125 0.03125
0 0.419921875 0.6171875 0.03125 0.03125
0 0.431640625 0.60546875 0.03125 0.03125
0 0.421875 0.611328125 0.03125 0.03125
0 0.708984375 0.14453125 0.03125 0.03125