0 0.107421875 0.25390625 0.03125 0.03125
0 0.109375 0.23828125 0.03125 0.03125
0 0.15625 0.2578125 0.03125 0.03125
0 0.154296875 0.244140625 0.03125 0.03125
0 0.375 0.291015625 0.03125 0.03125
0 0.361328125 0.275390625 0.03125 0.03125
0 0.345703125 0.2734375 0.03125 0.03125
0 0.693359375 0.35546875 0.03125 0.03125
0 0.685546875 0.345703125 0.03125 0.03125
0 0.345703125 0.53125 0.03125 0.03125
0 0.873046875 0.703125 0.03125 0.03125
0 0.916015625 0.89453125 0.03125 0.03125
0 0.9140625 0.8828125 0.03125 0.03125
0 0.73828125 0.10546875 0.03125 0.03125
0 0.724609375 0.08984375 0.03125 0.03125
0 0.734375 0.08984375 0.03125 0.03125
0 0.0703125 0.060546875 0.03125 0.03125
0 0.0625 0.041015625 0.03125 0.03125
0 0.02734375 0.142578125 0.03125 0.03125
0 0.205078125 0.884765625 0.03125 0.03125
0 0.15625 0.845703125 0.03125 0.03125
0 0.048828125 0.171875 0.03125 0.03125
0 0.029296875 0.158203125 0.03125 0.03125
0 0.041015625 0.162109375 0.03125 0.03125