0 0.142578125 0.328125 0.03125 0.03125
0 0.1953125 0.623046875 0.03125 0.03125
0 0.255859375 0.64453125 0.03125 0.03125
0 0.01171875 0.775390625 0.0234375 0.03125
0 0.0390625 0.958984375 0.03125 0.03125
0 0.798828125 0.90234375 0.03125 0.03125
0 0.826171875 0.83203125 0.03125 0.03125
0 0.466796875 0.521484375 0.03125 0.03125
0 0.640625 0.44140625 0.03125 0.03125
0 0.630859375 0.259765625 0.03125 0.03125
0 0.640625 0.24609375 0.03125 0.03125
0 0.529296875 0.1640625 0.03125 0.03125
0 0.7890625 0.0107421875 0.03125 0.021484375