0 0.28515625 0.048828125 0.03125 0.03125
0 0.291015625 0.03125 0.03125 0.03125
0 0.3046875 0.0234375 0.03125 0.03125
0 0.349609375 0.0146484375 0.03125 0.029296875
0 0.759765625 0.052734375 0.03125 0.03125
0 0.4921875 0.37109375 0.03125 0.03125
0 0.98486328125 0.63134765625 0.0283203125 0.0322265625
0 0.96875 0.91796875 0.03125 0.03125
0 0.1171875 0.66015625 0.03125 0.03125
0 0.4921875 0.5390625 0.03125 0.03125
0 0.576171875 0.560546875 0.03125 0.03125
0 0.576171875 0.548828125 0.03125 0.03125
0 0.560546875 0.55078125 0.03125 0.03125
0 0.55859375 0.56640625 0.03125 0.03125
0 0.568359375 0.556640625 0.03125 0.03125