0 0.164360 0.890692 0.048443 0.058070
0 0.939014 0.573442 0.050173 0.058924
0 0.761029 0.736977 0.048010 0.063194
0 0.433175 0.849701 0.053201 0.054654
0 0.787413 0.291631 0.043685 0.057216
0 0.810337 0.305295 0.024654 0.050384
0 0.888625 0.050384 0.028114 0.061486
0 0.617647 0.169086 0.047578 0.046114
0 0.541522 0.200256 0.055363 0.043553
0 0.559689 0.087105 0.035467 0.054654
0 0.601427 0.076857 0.036765 0.052946
0 0.472967 0.024338 0.051471 0.046968
0 0.315528 0.175491 0.052336 0.058924
0 0.304715 0.055508 0.051471 0.037575
0 0.144031 0.283945 0.023356 0.053800
0 0.141436 0.319812 0.044118 0.040137
0 0.254758 0.413749 0.054498 0.055508
0 0.368296 0.496157 0.053201 0.046114
0 0.561635 0.606746 0.043685 0.053800
0 0.627379 0.595218 0.035035 0.054654
0 0.869161 0.667378 0.050606 0.048676
0 0.858131 0.616567 0.047578 0.049530
0 0.847535 0.805295 0.033304 0.059778
0 0.848832 0.874466 0.037630 0.054654
0 0.806445 0.962852 0.051471 0.046968
0 0.517301 0.794620 0.037197 0.055508
0 0.490701 0.814261 0.041090 0.064048
0 0.542604 0.750213 0.040225 0.023057
0 0.551471 0.782237 0.033737 0.039283
0 0.618728 0.737404 0.035035 0.040137
0 0.759516 0.501708 0.026817 0.045260
0 0.899654 0.692143 0.019896 0.046968
0 0.967993 0.487617 0.055363 0.063194
0 0.955882 0.400939 0.031142 0.040137
0 0.937284 0.376601 0.023356 0.035867
0 0.969939 0.375747 0.016869 0.039283
0 0.939663 0.725021 0.040225 0.023911
0 0.922145 0.728437 0.017301 0.047822
0 0.862673 0.925278 0.044550 0.029889
0 0.843209 0.925705 0.025519 0.027327
0 0.673875 0.959009 0.034602 0.035867
0 0.762327 0.951324 0.037630 0.046114
0 0.680580 0.709650 0.031574 0.044406
0 0.696583 0.730572 0.047145 0.036721
0 0.737673 0.549957 0.029844 0.049530
0 0.781358 0.550811 0.041090 0.030743
0 0.617431 0.437233 0.035035 0.044406
0 0.562933 0.421862 0.030709 0.046114
0 0.508434 0.480786 0.035035 0.066610
0 0.406574 0.549957 0.047578 0.044406
0 0.367863 0.529889 0.030709 0.031597
0 0.289792 0.499573 0.032007 0.042699
0 0.314879 0.694705 0.027682 0.029889
0 0.312284 0.722459 0.021626 0.025619
0 0.317042 0.860376 0.020761 0.031597
0 0.239619 0.753202 0.048443 0.047822
0 0.268382 0.768147 0.028979 0.036721
0 0.268599 0.888984 0.029412 0.051238
0 0.397708 0.901366 0.041955 0.031597
0 0.522059 0.950470 0.048443 0.034159
0 0.208694 0.617421 0.031574 0.027327
0 0.135813 0.748079 0.038062 0.049530
0 0.067907 0.446627 0.038927 0.064902
0 0.066609 0.312980 0.029412 0.055508
0 0.081099 0.266012 0.030709 0.064048
0 0.085856 0.315969 0.027249 0.037575
0 0.142085 0.225875 0.050606 0.045260
0 0.057526 0.041418 0.046713 0.040137
0 0.121540 0.087959 0.032872 0.042699
0 0.086721 0.101623 0.033304 0.039283
0 0.239187 0.086251 0.048443 0.030743
0 0.187500 0.022203 0.033304 0.042699
0 0.263408 0.298463 0.023356 0.033305
0 0.229671 0.285226 0.022491 0.030743
0 0.283953 0.246798 0.034170 0.037575
0 0.355536 0.279675 0.030277 0.043553
0 0.367647 0.365927 0.038062 0.043553
0 0.395329 0.350555 0.018166 0.028181
0 0.475130 0.195559 0.026384 0.034159
0 0.497189 0.081981 0.030709 0.047822
0 0.460640 0.280102 0.030277 0.035867
0 0.537846 0.578138 0.024654 0.051238
0 0.448529 0.786507 0.025952 0.037575
0 0.205666 0.790350 0.025519 0.026473
0 0.214317 0.820239 0.041955 0.035013
0 0.048659 0.502135 0.032439 0.039283
0 0.067042 0.160974 0.019896 0.033305
0 0.442258 0.213493 0.026384 0.025619
0 0.421064 0.246371 0.018599 0.038429
0 0.818555 0.369769 0.018599 0.052946
0 0.870026 0.369769 0.016869 0.039283
0 0.917604 0.274552 0.026384 0.036721
0 0.799957 0.450470 0.021194 0.031597
0 0.766220 0.051238 0.033304 0.029035
0 0.655926 0.126388 0.037630 0.032451
0 0.983131 0.920581 0.031142 0.056362
0 0.179715 0.672075 0.016869 0.035867
0 0.121756 0.441076 0.031574 0.031597
0 0.312500 0.839026 0.042820 0.029889