0 0.863754 0.263450 0.044983 0.058924
0 0.944204 0.310845 0.040657 0.061486
0 0.930580 0.346712 0.042820 0.044406
0 0.545199 0.251067 0.025519 0.064902
0 0.525303 0.247225 0.037630 0.062340
0 0.439446 0.511956 0.049308 0.050384
0 0.557958 0.891119 0.037197 0.053800
0 0.179498 0.661401 0.049308 0.055508
0 0.097751 0.684885 0.039792 0.064902
0 0.057093 0.725875 0.044118 0.059778
0 0.799524 0.297609 0.048875 0.058924
0 0.774870 0.243809 0.046280 0.060632
0 0.368728 0.493595 0.035900 0.064902
0 0.376730 0.367208 0.039792 0.051238
0 0.354888 0.374893 0.040225 0.047822
0 0.195502 0.326644 0.051038 0.046968
0 0.270978 0.304868 0.051471 0.044406
0 0.293469 0.350982 0.042820 0.052946
0 0.455666 0.631085 0.036765 0.058070
0 0.474913 0.830487 0.045848 0.060632
0 0.304498 0.870623 0.049308 0.040137
0 0.604455 0.886422 0.044550 0.059778
0 0.814230 0.759180 0.035900 0.052946
0 0.974265 0.821093 0.044550 0.052092
0 0.930580 0.532451 0.039360 0.053800
0 0.884299 0.328779 0.041955 0.037575
0 0.924092 0.254056 0.032439 0.045260
0 0.956747 0.210504 0.043253 0.029889
0 0.986375 0.208796 0.020329 0.028181
0 0.944204 0.026900 0.044118 0.048676
0 0.838452 0.429120 0.028979 0.055508
0 0.851211 0.472673 0.029412 0.028181
0 0.764057 0.522630 0.037630 0.040991
0 0.743080 0.448335 0.040657 0.035867
0 0.783953 0.478651 0.027249 0.033305
0 0.914144 0.733988 0.043685 0.069172
0 0.891436 0.855252 0.028547 0.062340
0 0.755623 0.625961 0.040657 0.029035
0 0.735727 0.574722 0.043253 0.034159
0 0.673875 0.585824 0.031142 0.030743
0 0.665441 0.625534 0.017734 0.052092
0 0.652465 0.669513 0.022059 0.037575
0 0.611592 0.592656 0.030277 0.052946
0 0.586721 0.545260 0.041955 0.036721
0 0.562067 0.478651 0.050606 0.045260
0 0.493945 0.498719 0.041522 0.042699
0 0.618512 0.980786 0.044983 0.029889
0 0.282007 0.814261 0.026817 0.050384
0 0.058391 0.847566 0.056228 0.040137
0 0.118728 0.897096 0.036765 0.031597
0 0.085640 0.914176 0.037197 0.036721
0 0.187716 0.824509 0.022491 0.041845
0 0.233780 0.815115 0.024654 0.031597
0 0.295848 0.664816 0.037197 0.031597
0 0.264922 0.626815 0.040225 0.034159
0 0.249784 0.643040 0.023789 0.039283
0 0.301038 0.502135 0.036332 0.042699
0 0.391869 0.576430 0.031142 0.030743
0 0.536116 0.676345 0.039360 0.039283
0 0.182958 0.491887 0.028547 0.029035
0 0.111592 0.391973 0.042388 0.030743
0 0.143599 0.484202 0.038062 0.047822
0 0.088019 0.561486 0.034170 0.038429
0 0.020545 0.459863 0.034170 0.050384
0 0.014490 0.545260 0.028114 0.062340
0 0.030277 0.636635 0.048443 0.048676
0 0.046280 0.651153 0.023356 0.028181
0 0.120458 0.179761 0.048875 0.033305
0 0.152898 0.164816 0.040225 0.058070
0 0.182310 0.240820 0.028979 0.039283
0 0.207612 0.252348 0.036332 0.031597
0 0.123486 0.070880 0.026384 0.044406
0 0.327206 0.041845 0.052336 0.042699
0 0.420848 0.158412 0.039792 0.035013
0 0.469507 0.144321 0.020329 0.040991
0 0.645978 0.062767 0.034170 0.050384
0 0.673010 0.045260 0.022491 0.034159
0 0.692042 0.045260 0.019896 0.030743
0 0.795415 0.326644 0.025952 0.043553
0 0.299957 0.585824 0.034170 0.046114
0 0.498486 0.889838 0.027249 0.051238
0 0.700043 0.713493 0.035035 0.038429
0 0.975130 0.614859 0.046280 0.034159
0 0.922362 0.093937 0.028979 0.049530
0 0.604022 0.271990 0.028114 0.033305
0 0.020761 0.182750 0.038062 0.035867
0 0.012111 0.314688 0.023356 0.043553
0 0.012111 0.253202 0.018166 0.035013
0 0.025952 0.046541 0.048443 0.041845
0 0.238754 0.892400 0.040657 0.037575
0 0.289792 0.397950 0.025952 0.040991