0 0.164576 0.889838 0.048010 0.058070
0 0.787197 0.289496 0.040657 0.054654
0 0.697232 0.717763 0.045848 0.055508
0 0.760381 0.732280 0.045848 0.055508
0 0.938365 0.569599 0.045415 0.052946
0 0.968426 0.488898 0.051903 0.053800
0 0.433391 0.850982 0.050173 0.055508
0 0.255190 0.417592 0.051903 0.052946
0 0.560554 0.084116 0.037197 0.052092
0 0.472318 0.024338 0.050173 0.043553
0 0.140138 0.222459 0.043253 0.038429
0 0.317042 0.179334 0.045848 0.051238
0 0.368296 0.497011 0.055796 0.042699
0 0.565095 0.605892 0.045415 0.052092
0 0.539792 0.576857 0.028547 0.057216
0 0.629109 0.595218 0.038495 0.058070
0 0.735727 0.546114 0.034602 0.053800
0 0.857266 0.626815 0.052768 0.032451
0 0.871972 0.673356 0.044983 0.048676
0 0.897924 0.685312 0.018166 0.052092
0 0.937284 0.729291 0.049308 0.046114
0 0.846886 0.807003 0.032007 0.054654
0 0.849913 0.874893 0.033737 0.055508
0 0.982050 0.921435 0.033304 0.059778
0 0.803633 0.959436 0.044983 0.048676
0 0.766220 0.948335 0.059256 0.041845
0 0.260813 0.888984 0.046713 0.054654
0 0.069204 0.444492 0.043253 0.057216
0 0.082829 0.269001 0.032439 0.059778
0 0.066176 0.310418 0.030277 0.055508
0 0.141652 0.321520 0.044550 0.046968
0 0.059472 0.038856 0.049740 0.043553
0 0.541955 0.197694 0.055363 0.048676
0 0.616566 0.169086 0.048010 0.051238
0 0.817474 0.379163 0.025087 0.052946
0 0.871756 0.370623 0.027249 0.046114
0 0.947448 0.392827 0.041090 0.056362
0 0.964533 0.614859 0.023356 0.039283
0 0.980320 0.788642 0.035900 0.031597
0 0.822448 0.717763 0.020329 0.035013
0 0.846453 0.721178 0.021626 0.038429
0 0.790225 0.553800 0.047578 0.035013
0 0.760597 0.504697 0.025519 0.040991
0 0.611159 0.436379 0.034602 0.035867
0 0.559689 0.419727 0.030277 0.046968
0 0.505407 0.474381 0.039360 0.028181
0 0.510381 0.496584 0.038062 0.031597
0 0.407223 0.552946 0.040225 0.028181
0 0.368512 0.529889 0.032007 0.023057
0 0.134083 0.749360 0.040657 0.050384
0 0.229455 0.754483 0.022924 0.038429
0 0.246324 0.762169 0.028114 0.038429
0 0.264922 0.763450 0.020329 0.035867
0 0.313149 0.704099 0.026817 0.035013
0 0.313798 0.727156 0.019464 0.033305
0 0.268166 0.707088 0.028547 0.032451
0 0.203503 0.614005 0.035900 0.025619
0 0.283521 0.496584 0.036765 0.040137
0 0.361592 0.468830 0.038927 0.034159
0 0.365917 0.377455 0.035467 0.049530
0 0.394680 0.352263 0.023789 0.038429
0 0.287846 0.232707 0.041955 0.024765
0 0.469291 0.197267 0.026817 0.040991
0 0.498919 0.083689 0.030709 0.051238
0 0.603590 0.075149 0.045415 0.051238
0 0.890355 0.049103 0.028114 0.052092
0 0.973400 0.021776 0.047145 0.040137
0 0.854888 0.601623 0.026384 0.033305
0 0.764490 0.689582 0.051471 0.026473
0 0.621107 0.734415 0.039792 0.047822
0 0.534818 0.747652 0.046280 0.029889
0 0.551471 0.777541 0.030277 0.036721
0 0.522491 0.953032 0.045848 0.030743
0 0.670199 0.962852 0.037630 0.043553
0 0.314230 0.841161 0.050606 0.030743
0 0.315311 0.857814 0.019031 0.033305
0 0.397275 0.895816 0.044550 0.030743
0 0.502379 0.832622 0.024654 0.044406
0 0.504109 0.799317 0.016869 0.035867
0 0.517950 0.793339 0.015138 0.032451
0 0.524221 0.810418 0.026817 0.029035
0 0.475995 0.791204 0.030709 0.024765
0 0.447016 0.779675 0.022924 0.027327
0 0.117863 0.438087 0.033304 0.035867
0 0.048875 0.500854 0.033737 0.036721
0 0.239403 0.085397 0.041955 0.032451
0 0.302119 0.057643 0.050606 0.038429
0 0.121107 0.085824 0.035467 0.031597
0 0.085424 0.100342 0.035900 0.040137
0 0.065960 0.157131 0.026384 0.046114
0 0.031791 0.260461 0.022059 0.049530
0 0.204585 0.788215 0.025952 0.034159
0 0.211505 0.812980 0.035467 0.030743
0 0.105969 0.885568 0.025087 0.027327
0 0.085640 0.898804 0.032872 0.036721
0 0.142517 0.282664 0.028979 0.047822
0 0.860510 0.924424 0.037630 0.033305