0 0.907007 0.034159 0.047578 0.061486
0 0.390355 0.645602 0.052336 0.059778
0 0.404628 0.963279 0.051471 0.063194
0 0.163711 0.360376 0.052336 0.064902
0 0.194637 0.271990 0.051038 0.050384
0 0.652249 0.554227 0.054498 0.063194
0 0.928417 0.671648 0.049740 0.052092
0 0.194637 0.720751 0.050173 0.059778
0 0.346886 0.404782 0.047578 0.054654
0 0.430363 0.168659 0.056228 0.067464
0 0.454369 0.134500 0.039360 0.053800
0 0.496972 0.271990 0.044983 0.053800
0 0.565311 0.334330 0.050173 0.058924
0 0.750433 0.616994 0.049308 0.057216
0 0.816176 0.523057 0.049308 0.057216
0 0.832180 0.620837 0.046713 0.051238
0 0.928417 0.787788 0.055796 0.057216
0 0.633867 0.690863 0.050606 0.052946
0 0.580450 0.904355 0.048443 0.040991
0 0.647491 0.868061 0.050173 0.050384
0 0.330666 0.940222 0.037630 0.056362
0 0.057526 0.668232 0.036332 0.058924
0 0.078071 0.417165 0.051471 0.035013
0 0.170199 0.164816 0.051471 0.054654
0 0.260597 0.257899 0.047145 0.059778
0 0.239403 0.273698 0.035035 0.040137
0 0.266869 0.295901 0.044983 0.045260
0 0.344939 0.046114 0.030709 0.063194
0 0.535683 0.812980 0.039360 0.052946
0 0.545631 0.785653 0.047145 0.051238
0 0.574611 0.680615 0.054931 0.052946
0 0.032223 0.866354 0.040225 0.043553
0 0.039792 0.887276 0.040657 0.035867
0 0.067907 0.724594 0.050173 0.045260
0 0.201341 0.578138 0.049740 0.049530
0 0.093209 0.467549 0.041090 0.057216
0 0.057310 0.597353 0.031574 0.055508
0 0.266436 0.423143 0.029412 0.043553
0 0.353157 0.254056 0.032439 0.052092
0 0.556012 0.081981 0.038495 0.042699
0 0.738754 0.323655 0.044983 0.044406
0 0.686851 0.290350 0.038927 0.035867
0 0.616349 0.415030 0.046713 0.030743
0 0.548659 0.406063 0.025519 0.055508
0 0.888192 0.447908 0.036765 0.050384
0 0.892517 0.259180 0.034170 0.048676
0 0.926038 0.507259 0.038062 0.027327
0 0.741349 0.795047 0.037197 0.034159
0 0.722102 0.853971 0.040225 0.030743
0 0.697881 0.865500 0.033304 0.029889
0 0.760813 0.944065 0.038927 0.036721
0 0.495242 0.748933 0.025087 0.051238
0 0.493296 0.828779 0.031574 0.045260
0 0.491566 0.963279 0.031574 0.056362
0 0.524221 0.953886 0.027682 0.059778
0 0.611808 0.948762 0.037630 0.029035
0 0.641652 0.615286 0.053201 0.040137
0 0.714533 0.575149 0.043253 0.035013
0 0.638408 0.650726 0.044118 0.039283
0 0.543901 0.607173 0.039360 0.030743
0 0.378893 0.564902 0.021626 0.050384
0 0.367215 0.522203 0.023356 0.050384
0 0.317258 0.549103 0.021194 0.042699
0 0.280493 0.651580 0.022059 0.046114
0 0.242647 0.628096 0.018166 0.043553
0 0.295631 0.878736 0.021194 0.046114
0 0.144896 0.913749 0.038062 0.029035
0 0.164792 0.743809 0.034602 0.029035
0 0.019031 0.760461 0.035467 0.033305
0 0.047794 0.813407 0.021194 0.041845
0 0.080017 0.641759 0.028547 0.024765
0 0.141652 0.526046 0.028114 0.047822
0 0.159170 0.526473 0.038062 0.031597
0 0.119593 0.488898 0.019464 0.040137
0 0.018382 0.338173 0.019464 0.023911
0 0.049308 0.153715 0.025952 0.059778
0 0.035035 0.069172 0.020761 0.061486
0 0.012976 0.045260 0.025087 0.068318
0 0.138192 0.025192 0.027249 0.045260