0 0.322448 0.551665 0.048875 0.056362
0 0.163927 0.167805 0.043253 0.053800
0 0.482699 0.814261 0.052768 0.072588
0 0.467777 0.903074 0.041090 0.064048
0 0.591912 0.373185 0.042820 0.054654
0 0.616782 0.128950 0.049308 0.046114
0 0.769247 0.043126 0.038495 0.053800
0 0.963235 0.121691 0.037197 0.046968
0 0.934472 0.134927 0.044550 0.034159
0 0.609429 0.716055 0.055363 0.045260
0 0.595588 0.590094 0.037197 0.061486
0 0.306228 0.851409 0.045848 0.052946
0 0.133867 0.552946 0.041090 0.058924
0 0.178201 0.320666 0.037197 0.060632
0 0.340182 0.333049 0.051471 0.059778
0 0.382137 0.102050 0.050606 0.050384
0 0.327422 0.074295 0.038062 0.058070
0 0.630407 0.029889 0.041090 0.049530
0 0.827206 0.017079 0.055796 0.032451
0 0.921497 0.628950 0.046280 0.065756
0 0.882137 0.672075 0.043685 0.061486
0 0.881488 0.798036 0.050173 0.062340
0 0.768166 0.269855 0.026817 0.046114
0 0.755190 0.348847 0.037197 0.045260
0 0.820285 0.206234 0.028114 0.045260
0 0.872189 0.374466 0.050606 0.028181
0 0.833694 0.403074 0.040225 0.052946
0 0.742863 0.473100 0.047145 0.032451
0 0.785251 0.521776 0.037630 0.049530
0 0.536548 0.345858 0.037630 0.051238
0 0.552984 0.288642 0.043685 0.047822
0 0.497837 0.157985 0.049308 0.034159
0 0.386894 0.233988 0.044550 0.037575
0 0.331747 0.648164 0.038927 0.054654
0 0.292171 0.687874 0.042820 0.035013
0 0.222535 0.617421 0.036765 0.052946
0 0.197016 0.626815 0.033304 0.046114
0 0.142734 0.393681 0.046713 0.042699
0 0.253893 0.426985 0.032872 0.061486
0 0.291306 0.457301 0.037630 0.057216
0 0.373054 0.418019 0.040225 0.046968
0 0.459126 0.111443 0.034170 0.072588
0 0.438365 0.096072 0.026384 0.029889
0 0.689879 0.504697 0.047578 0.059778
0 0.615268 0.435525 0.050606 0.049530
0 0.626730 0.387703 0.035467 0.056362
0 0.706315 0.824509 0.036332 0.058924
0 0.796929 0.942357 0.042820 0.055508
0 0.584991 0.902220 0.054066 0.057216
0 0.080017 0.969684 0.034602 0.057216
0 0.091696 0.028181 0.044983 0.046114
0 0.105104 0.115713 0.028547 0.055508
0 0.054066 0.163535 0.031142 0.038429
0 0.125216 0.257899 0.043685 0.037575
0 0.240052 0.215201 0.024221 0.034159
0 0.400303 0.146029 0.034170 0.032451
0 0.427768 0.557216 0.030277 0.055508
0 0.537630 0.687874 0.019896 0.046968
0 0.544334 0.600342 0.025519 0.037575
0 0.542388 0.798463 0.029412 0.037575
0 0.691393 0.714774 0.034170 0.052946
0 0.898789 0.497011 0.032007 0.025619
0 0.909602 0.519214 0.039792 0.061486
0 0.831099 0.489752 0.037630 0.064048
0 0.927336 0.345858 0.041522 0.034159
0 0.943339 0.202818 0.028547 0.048676
0 0.817042 0.264304 0.029412 0.046968
0 0.930796 0.037148 0.022491 0.036721
0 0.938581 0.845858 0.045848 0.036721
0 0.901817 0.857387 0.042388 0.037575
0 0.882137 0.917165 0.017734 0.030743
0 0.812500 0.832195 0.045415 0.041845
0 0.989619 0.606746 0.017301 0.050384
0 0.697448 0.917165 0.026384 0.068318
0 0.720372 0.922716 0.035900 0.055508
0 0.736592 0.630231 0.022491 0.044406
0 0.771626 0.641759 0.029412 0.029889
0 0.863754 0.582408 0.046713 0.044406
0 0.846237 0.593937 0.035035 0.043553
0 0.438581 0.271136 0.037197 0.040137
0 0.435986 0.224594 0.027682 0.051238
0 0.616349 0.169086 0.045848 0.063194
0 0.674308 0.048249 0.047578 0.043553
0 0.651168 0.120410 0.040225 0.035867
0 0.571583 0.116994 0.022059 0.044406
0 0.555796 0.097780 0.031142 0.035013