0 0.777249 0.584116 0.051038 0.064902
0 0.917388 0.658412 0.044118 0.061486
0 0.830234 0.064048 0.050606 0.049530
0 0.808607 0.026046 0.044550 0.046968
0 0.283737 0.101196 0.042388 0.062340
0 0.578936 0.757899 0.042820 0.048676
0 0.386894 0.385568 0.039360 0.053800
0 0.878893 0.446627 0.042388 0.046114
0 0.886678 0.456874 0.029412 0.037575
0 0.874351 0.976943 0.046280 0.042699
0 0.207396 0.317677 0.046280 0.040991
0 0.304282 0.362938 0.045415 0.046114
0 0.741133 0.360376 0.049740 0.042699
0 0.786548 0.374039 0.053201 0.040991
0 0.751946 0.506832 0.048875 0.055508
0 0.089100 0.780102 0.039792 0.035013
0 0.151817 0.792912 0.044118 0.033305
0 0.105104 0.762169 0.029412 0.043553
0 0.111375 0.752348 0.034170 0.034159
0 0.145978 0.884714 0.048010 0.029035
0 0.185986 0.923997 0.040657 0.039283
0 0.292604 0.733988 0.046280 0.040137
0 0.326990 0.574295 0.028547 0.057216
0 0.338884 0.427412 0.036765 0.036721
0 0.299524 0.414176 0.030709 0.037575
0 0.269247 0.497865 0.025519 0.032451
0 0.205882 0.484202 0.051038 0.030743
0 0.202855 0.458155 0.040657 0.028181
0 0.089100 0.480786 0.046713 0.029035
0 0.113322 0.297182 0.043253 0.030743
0 0.250000 0.202391 0.032007 0.037575
0 0.359429 0.222886 0.037197 0.025619
0 0.527465 0.450470 0.029844 0.058924
0 0.627163 0.632365 0.044983 0.041845
0 0.716696 0.622545 0.028547 0.058070
0 0.852509 0.901793 0.051903 0.039283
0 0.729888 0.905209 0.035035 0.063194
0 0.765787 0.904355 0.034170 0.052946
0 0.657223 0.299317 0.024654 0.045260
0 0.720156 0.218617 0.045848 0.044406
0 0.509083 0.672502 0.022491 0.057216
0 0.522491 0.678480 0.016436 0.052092
0 0.410035 0.642186 0.046713 0.032451
0 0.414144 0.543553 0.035900 0.058924
0 0.090830 0.138343 0.034602 0.046114
0 0.326341 0.247652 0.035035 0.035867
0 0.276600 0.220751 0.025519 0.050384
0 0.289144 0.221178 0.049740 0.034159
0 0.445502 0.466695 0.057093 0.045260
0 0.457612 0.474381 0.027682 0.040137
0 0.732266 0.318104 0.037197 0.024765
0 0.694637 0.502562 0.049308 0.045260
0 0.716696 0.523911 0.034602 0.029889
0 0.606401 0.555508 0.038927 0.036721
0 0.360943 0.769001 0.036765 0.031597
0 0.387760 0.774979 0.027249 0.055508
0 0.403547 0.771136 0.019031 0.049530
0 0.474481 0.807857 0.050173 0.051238
0 0.286116 0.829206 0.022059 0.049530
0 0.318123 0.834330 0.044550 0.058070
0 0.334991 0.868488 0.026384 0.042699
0 0.762327 0.476516 0.044550 0.037575
0 0.790874 0.467976 0.041090 0.039283
0 0.521410 0.312980 0.030709 0.057216
0 0.555363 0.327071 0.032007 0.032451
0 0.354239 0.275833 0.024221 0.047822
0 0.778979 0.634500 0.035467 0.044406
0 0.841696 0.581981 0.037197 0.035013
0 0.833478 0.615286 0.042388 0.026473
0 0.863754 0.626388 0.030277 0.029889
0 0.043253 0.552092 0.064014 0.038429
0 0.871972 0.873612 0.031142 0.030743
0 0.900087 0.891973 0.039792 0.043553