0 0.528547 0.122972 0.053633 0.076857
0 0.418685 0.426985 0.052768 0.061486
0 0.148789 0.345858 0.044983 0.061486
0 0.818988 0.954313 0.051471 0.060632
0 0.708261 0.263023 0.046280 0.064902
0 0.188798 0.402220 0.038495 0.052946
0 0.761462 0.578992 0.048010 0.051238
0 0.708478 0.554654 0.044118 0.045260
0 0.700043 0.459009 0.033304 0.069172
0 0.696151 0.409906 0.046280 0.064902
0 0.924524 0.636208 0.048875 0.054654
0 0.887327 0.716055 0.049740 0.043553
0 0.972318 0.717336 0.038062 0.056362
0 0.905061 0.892400 0.043685 0.039283
0 0.877595 0.943638 0.035467 0.051238
0 0.725562 0.930401 0.044550 0.053800
0 0.751946 0.978651 0.056661 0.040991
0 0.337154 0.561486 0.041090 0.052092
0 0.351211 0.608881 0.050173 0.042699
0 0.484429 0.558070 0.049308 0.053800
0 0.365484 0.308711 0.038062 0.057216
0 0.448097 0.117421 0.051903 0.046968
0 0.176038 0.160547 0.043253 0.056362
0 0.147275 0.019214 0.058391 0.035013
0 0.040657 0.340307 0.034602 0.057216
0 0.059689 0.322801 0.035467 0.058070
0 0.179498 0.232280 0.048443 0.058070
0 0.205882 0.282237 0.039792 0.064048
0 0.115917 0.397096 0.038927 0.056362
0 0.601211 0.759180 0.036332 0.058070
0 0.615268 0.281383 0.046280 0.058924
0 0.934689 0.055935 0.047578 0.055508
0 0.633002 0.066183 0.032439 0.046968
0 0.829152 0.040564 0.034602 0.064048
0 0.838019 0.271563 0.041090 0.049530
0 0.847751 0.431682 0.035467 0.050384
0 0.794334 0.454313 0.053201 0.034159
0 0.854239 0.575576 0.043253 0.046114
0 0.853374 0.621264 0.024221 0.050384
0 0.880407 0.646029 0.018599 0.029889
0 0.941825 0.901366 0.033304 0.043553
0 0.487240 0.926558 0.054931 0.047822
0 0.483564 0.943211 0.045848 0.057216
0 0.376298 0.849274 0.043253 0.031597
0 0.426471 0.833476 0.031142 0.042699
0 0.443123 0.643467 0.048875 0.036721
0 0.577855 0.653715 0.025087 0.057216
0 0.557310 0.546968 0.047145 0.038429
0 0.479888 0.357814 0.031574 0.054654
0 0.463884 0.274979 0.033304 0.047822
0 0.499784 0.179761 0.021194 0.052092
0 0.461073 0.158412 0.029412 0.048676
0 0.290657 0.207942 0.026817 0.038429
0 0.223616 0.140905 0.028547 0.029035
0 0.221237 0.205807 0.030709 0.039283
0 0.250000 0.409479 0.041522 0.052092
0 0.213884 0.488044 0.024654 0.055508
0 0.166090 0.509821 0.026817 0.047822
0 0.099265 0.523911 0.028979 0.040137
0 0.062067 0.533732 0.028979 0.046114
0 0.128028 0.576430 0.019896 0.058070
0 0.127163 0.625961 0.024221 0.052946
0 0.075260 0.862938 0.043253 0.041845
0 0.105969 0.851836 0.033737 0.057216
0 0.136678 0.935098 0.031142 0.040991
0 0.162846 0.944492 0.037630 0.035867
0 0.089533 0.931682 0.031142 0.035867
0 0.275735 0.738685 0.055796 0.037575
0 0.300389 0.553800 0.030709 0.043553
0 0.373702 0.432536 0.028547 0.050384
0 0.408521 0.504270 0.028114 0.052092
0 0.630407 0.382579 0.035035 0.040991
0 0.685121 0.605892 0.044983 0.043553
0 0.981401 0.274125 0.032872 0.047822
0 0.955017 0.329206 0.051038 0.035013
0 0.977509 0.196413 0.020761 0.052946
0 0.874567 0.784372 0.021626 0.050384