0 0.497621 0.669513 0.048010 0.058070
0 0.332829 0.057216 0.032439 0.058070
0 0.573313 0.549957 0.035900 0.052946
0 0.663495 0.312980 0.038062 0.053800
0 0.690744 0.637062 0.045848 0.059778
0 0.719074 0.862938 0.043685 0.046968
0 0.684689 0.822374 0.042388 0.056362
0 0.171064 0.868488 0.043685 0.058070
0 0.687716 0.026473 0.037197 0.052946
0 0.737889 0.220325 0.038062 0.037575
0 0.747405 0.252348 0.033737 0.048676
0 0.413711 0.526900 0.039360 0.054654
0 0.264273 0.859949 0.047578 0.051238
0 0.432310 0.897950 0.039360 0.058924
0 0.523789 0.749787 0.044118 0.052946
0 0.808175 0.595218 0.028114 0.049530
0 0.764490 0.749787 0.041955 0.040991
0 0.808391 0.809991 0.030277 0.031597
0 0.836289 0.834330 0.035035 0.040991
0 0.331964 0.608454 0.043685 0.035013
0 0.259083 0.342869 0.042388 0.031597
0 0.197881 0.195986 0.033304 0.029889
0 0.485078 0.173356 0.042820 0.056362
0 0.382569 0.228010 0.028979 0.054654
0 0.376298 0.303587 0.038927 0.040137
0 0.338884 0.270709 0.028979 0.037575
0 0.178633 0.644748 0.045848 0.037575
0 0.165225 0.713066 0.044983 0.049530
0 0.381920 0.724594 0.049308 0.040137
0 0.289576 0.663535 0.053201 0.039283
0 0.177768 0.237404 0.051038 0.040991
0 0.592993 0.286934 0.043253 0.049530
0 0.641869 0.180188 0.034602 0.044406
0 0.633651 0.081981 0.044118 0.037575
0 0.698746 0.129377 0.046280 0.035013
0 0.939230 0.087532 0.043685 0.036721
0 0.536981 0.874466 0.054066 0.042699
0 0.562933 0.911614 0.035900 0.055508
0 0.529844 0.915457 0.025952 0.039283
0 0.477725 0.967122 0.022924 0.052092
0 0.449178 0.974808 0.022924 0.048676
0 0.504974 0.960717 0.030709 0.029035
0 0.293469 0.970111 0.040225 0.039283
0 0.020761 0.247225 0.032007 0.041845
0 0.034602 0.261742 0.038927 0.033305
0 0.091912 0.535440 0.039360 0.027327
0 0.070934 0.565756 0.024221 0.045260
0 0.562933 0.742955 0.036765 0.040991
0 0.189663 0.497865 0.040225 0.037575
0 0.157872 0.498292 0.019031 0.038429
0 0.160900 0.415030 0.033737 0.042699
0 0.254542 0.146456 0.048875 0.053800
0 0.110078 0.088386 0.044550 0.048676
0 0.159602 0.312553 0.046713 0.032451
0 0.187067 0.298036 0.040225 0.034159
0 0.144464 0.826644 0.039792 0.052946
0 0.709775 0.058924 0.034602 0.063194
0 0.821367 0.104184 0.038062 0.058070
0 0.355753 0.346712 0.052336 0.037575
0 0.338019 0.331768 0.038495 0.036721