0 0.975779 0.129804 0.047578 0.066610
0 0.826990 0.074722 0.049308 0.070880
0 0.966263 0.793339 0.051903 0.063194
0 0.595588 0.265158 0.048443 0.062340
0 0.786116 0.487617 0.046280 0.063194
0 0.694637 0.907344 0.045848 0.052092
0 0.609213 0.956020 0.040225 0.053800
0 0.286116 0.177626 0.045415 0.059778
0 0.416306 0.260461 0.048010 0.051238
0 0.556445 0.301025 0.028979 0.052092
0 0.716047 0.182323 0.038495 0.060632
0 0.735510 0.766012 0.041090 0.047822
0 0.773356 0.774979 0.039792 0.036721
0 0.782656 0.807857 0.036765 0.030743
0 0.853806 0.958582 0.055363 0.040137
0 0.876514 0.912041 0.036765 0.023911
0 0.882785 0.940222 0.033737 0.029035
0 0.882785 0.849274 0.031142 0.029889
0 0.872621 0.868488 0.028979 0.020495
0 0.883002 0.880017 0.024654 0.036721
0 0.588019 0.854398 0.046280 0.036721
0 0.542820 0.871477 0.052768 0.055508
0 0.400303 0.811699 0.065311 0.070880
0 0.343858 0.767720 0.041522 0.039283
0 0.367215 0.724167 0.033737 0.034159
0 0.350130 0.671648 0.037630 0.035013
0 0.405061 0.565756 0.028979 0.043553
0 0.466479 0.530316 0.048875 0.032451
0 0.546929 0.510248 0.028979 0.062340
0 0.432958 0.492741 0.038927 0.039283
0 0.449827 0.460290 0.035467 0.017079
0 0.352292 0.441076 0.033304 0.052092
0 0.256920 0.555935 0.022491 0.046114
0 0.231618 0.458155 0.054931 0.041845
0 0.218426 0.494022 0.051038 0.038429
0 0.134948 0.576857 0.054498 0.045260
0 0.094074 0.658839 0.060121 0.046968
0 0.175606 0.659693 0.038062 0.067464
0 0.216696 0.706234 0.051038 0.056362
0 0.211505 0.765158 0.047578 0.035867
0 0.081315 0.878309 0.036332 0.053800
0 0.026168 0.891546 0.049740 0.049530
0 0.100779 0.941503 0.050173 0.058924
0 0.083694 0.976089 0.046280 0.035867
0 0.038711 0.958582 0.042820 0.045260
0 0.111592 0.837746 0.043253 0.040991
0 0.142950 0.845004 0.028979 0.029889
0 0.281574 0.738685 0.023356 0.030743
0 0.266436 0.650726 0.015571 0.035867
0 0.252163 0.713493 0.024221 0.029889
0 0.337803 0.970965 0.032872 0.051238
0 0.437933 0.921435 0.019464 0.040991
0 0.583694 0.962852 0.017734 0.053800
0 0.651817 0.975662 0.021626 0.036721
0 0.626730 0.983775 0.031142 0.022203
0 0.885164 0.192570 0.030709 0.062340
0 0.892950 0.128523 0.050606 0.024765
0 0.727725 0.235696 0.019464 0.046114
0 0.682526 0.401793 0.021626 0.057216
0 0.515355 0.470538 0.027249 0.030743
0 0.364619 0.386422 0.051903 0.045260
0 0.299308 0.330914 0.041522 0.046968
0 0.317042 0.304868 0.031142 0.040991
0 0.253893 0.361657 0.037197 0.041845
0 0.212587 0.230572 0.047145 0.052946
0 0.224048 0.175491 0.033737 0.048676
0 0.203720 0.142186 0.019031 0.045260
0 0.057526 0.216482 0.050173 0.045260
0 0.060337 0.374039 0.035900 0.044406
0 0.063149 0.516652 0.043253 0.037575
0 0.058391 0.564475 0.044118 0.052946
0 0.120458 0.511102 0.034170 0.040137
0 0.160900 0.443211 0.027682 0.034159
0 0.176254 0.511102 0.018599 0.052092
0 0.081531 0.719044 0.023789 0.047822
0 0.263841 0.447481 0.019031 0.032451
0 0.475995 0.296328 0.039360 0.027327
0 0.438798 0.090948 0.055796 0.048676
0 0.560121 0.028608 0.054498 0.052092
0 0.696799 0.047395 0.033737 0.076003
0 0.169550 0.285653 0.054498 0.058924