0 0.447016 0.358241 0.047145 0.069172
0 0.329369 0.712212 0.045415 0.059778
0 0.297578 0.164816 0.053633 0.056362
0 0.250000 0.049530 0.045848 0.063194
0 0.767517 0.824082 0.044550 0.063194
0 0.368512 0.770282 0.048443 0.075149
0 0.162846 0.954313 0.046280 0.057216
0 0.204369 0.585397 0.043685 0.069172
0 0.052552 0.299317 0.051471 0.055508
0 0.421929 0.172502 0.043685 0.066610
0 0.621756 0.084116 0.046280 0.069172
0 0.690528 0.468403 0.046280 0.055508
0 0.759083 0.656704 0.038062 0.063194
0 0.822881 0.790350 0.054931 0.046968
0 0.961505 0.453459 0.032872 0.064902
0 0.614836 0.909479 0.048010 0.051238
0 0.614836 0.948335 0.040225 0.067464
0 0.383434 0.884287 0.043685 0.050384
0 0.326990 0.856533 0.032007 0.059778
0 0.266220 0.760461 0.048875 0.079419
0 0.283304 0.644321 0.044118 0.055508
0 0.113106 0.529462 0.049740 0.059778
0 0.142301 0.669513 0.051038 0.051238
0 0.114619 0.295474 0.038062 0.044406
0 0.375000 0.408625 0.044983 0.067464
0 0.519247 0.093510 0.044550 0.062340
0 0.536548 0.103757 0.036765 0.041845
0 0.567042 0.125107 0.035467 0.057216
0 0.298443 0.089240 0.043253 0.057216
0 0.199827 0.028608 0.034602 0.057216
0 0.338668 0.500854 0.033737 0.050384
0 0.357266 0.491460 0.032872 0.045260
0 0.506488 0.430828 0.039792 0.057216
0 0.496756 0.336038 0.043685 0.041845
0 0.815095 0.073015 0.033304 0.060632
0 0.883218 0.399658 0.025087 0.046114
0 0.904628 0.380444 0.034170 0.041845
0 0.932093 0.916738 0.048443 0.040137
0 0.964533 0.903074 0.034602 0.057216
0 0.929498 0.818104 0.022491 0.047822
0 0.820502 0.916311 0.044118 0.061486
0 0.627595 0.809137 0.047578 0.062340
0 0.677984 0.824509 0.039360 0.053800
0 0.588884 0.616567 0.033304 0.056362
0 0.487240 0.622545 0.035035 0.044406
0 0.436419 0.605892 0.035467 0.036721
0 0.411116 0.585397 0.017734 0.021349
0 0.498702 0.940222 0.040657 0.039283
0 0.459559 0.895389 0.034170 0.062340
0 0.105104 0.900939 0.024221 0.046114
0 0.096237 0.978651 0.034170 0.035867
0 0.054715 0.947054 0.030709 0.040991
0 0.209126 0.476089 0.040225 0.038429
0 0.213452 0.525619 0.045415 0.045260
0 0.259083 0.468830 0.021626 0.044406
0 0.102292 0.612724 0.056661 0.036721
0 0.192042 0.318531 0.036332 0.046114
0 0.242431 0.228864 0.040225 0.037575
0 0.272491 0.306149 0.031142 0.026473
0 0.155926 0.269428 0.027249 0.036721
0 0.155277 0.294620 0.029412 0.035867
0 0.139273 0.129804 0.028547 0.032451
0 0.180147 0.171648 0.029844 0.040991
0 0.100779 0.233134 0.043253 0.040991
0 0.028114 0.250640 0.038927 0.043553
0 0.024654 0.220751 0.023356 0.045260
0 0.388192 0.345858 0.040225 0.037575
0 0.740701 0.245517 0.050606 0.058924
0 0.983997 0.386422 0.026817 0.029889
0 0.989403 0.425278 0.020329 0.030743
0 0.944204 0.576857 0.022491 0.045260
0 0.907223 0.593083 0.024654 0.040137
0 0.978374 0.686593 0.025087 0.034159
0 0.975130 0.641759 0.032439 0.045260
0 0.663062 0.611870 0.058824 0.038429
0 0.744593 0.570453 0.022924 0.042699
0 0.303417 0.683177 0.027249 0.051238
0 0.383218 0.744663 0.046713 0.063194
0 0.090182 0.808284 0.048010 0.055508
0 0.101860 0.787361 0.047145 0.037575