0 0.29296875 0.154296875 0.03125 0.03125
0 0.150390625 0.203125 0.03125 0.03125
0 0.166015625 0.208984375 0.03125 0.03125
0 0.13671875 0.20703125 0.03125 0.03125
0 0.142578125 0.205078125 0.03125 0.03125
0 0.12890625 0.22265625 0.03125 0.03125
0 0.12109375 0.212890625 0.03125 0.03125
0 0.208984375 0.587890625 0.03125 0.03125
0 0.197265625 0.591796875 0.03125 0.03125
0 0.73046875 0.43359375 0.03125 0.03125
0 0.744140625 0.42578125 0.03125 0.03125
0 0.7265625 0.423828125 0.03125 0.03125
0 0.81640625 0.208984375 0.03125 0.03125
0 0.82421875 0.21875 0.03125 0.03125
0 0.82421875 0.19921875 0.03125 0.03125
0 0.9609375 0.619140625 0.03125 0.03125
0 0.5859375 0.03515625 0.03125 0.03125
0 0.54296875 0.037109375 0.03125 0.03125
0 0.5546875 0.04296875 0.03125 0.03125
0 0.552734375 0.02734375 0.03125 0.03125
0 0.548828125 0.07421875 0.03125 0.03125
0 0.568359375 0.09375 0.03125 0.03125
0 0.55078125 0.09765625 0.03125 0.03125
0 0.541015625 0.0859375 0.03125 0.03125
0 0.560546875 0.083984375 0.03125 0.03125
0 0.9609375 0.318359375 0.03125 0.03125
0 0.9765625 0.328125 0.03125 0.03125
0 0.97265625 0.353515625 0.03125 0.03125
0 0.98779296875 0.35595703125 0.0224609375 0.0322265625
0 0.98046875 0.36328125 0.03125 0.03125
0 0.982421875 0.345703125 0.03125 0.03125
0 0.98681640625 0.33251953125 0.0244140625 0.0322265625
0 0.98681640625 0.30712890625 0.0244140625 0.0322265625
0 0.98779296875 0.31494140625 0.0224609375 0.0322265625