0 0.328936 0.709650 0.046280 0.059778
0 0.448746 0.354825 0.042820 0.064048
0 0.296497 0.167805 0.053201 0.060632
0 0.161116 0.953886 0.048010 0.054654
0 0.767950 0.823228 0.041090 0.061486
0 0.813798 0.072161 0.035900 0.060632
0 0.621107 0.084970 0.040657 0.067464
0 0.738106 0.245090 0.036765 0.061486
0 0.568555 0.126815 0.040225 0.062340
0 0.536765 0.101623 0.035467 0.044406
0 0.515571 0.093083 0.038062 0.056362
0 0.421280 0.172075 0.044983 0.067464
0 0.492863 0.331341 0.051471 0.046114
0 0.506704 0.426985 0.035900 0.059778
0 0.374351 0.403928 0.037630 0.054654
0 0.339100 0.496157 0.022491 0.052946
0 0.357266 0.491033 0.037197 0.046114
0 0.298659 0.087959 0.040225 0.052946
0 0.250216 0.051238 0.044550 0.058070
0 0.201125 0.029035 0.037197 0.056362
0 0.156358 0.022630 0.043685 0.045260
0 0.052768 0.295474 0.049308 0.061486
0 0.111159 0.528608 0.046713 0.063194
0 0.325908 0.857814 0.035035 0.058924
0 0.383002 0.884714 0.048010 0.049530
0 0.383867 0.746798 0.048875 0.053800
0 0.263408 0.759607 0.050173 0.070880
0 0.202422 0.582835 0.044983 0.067464
0 0.628676 0.811699 0.040225 0.062340
0 0.616566 0.911614 0.049740 0.052092
0 0.614836 0.948762 0.044550 0.059778
0 0.692042 0.466268 0.049308 0.056362
0 0.758002 0.654569 0.043685 0.062340
0 0.959126 0.456447 0.033304 0.058924
0 0.823313 0.789923 0.053201 0.051238
0 0.455450 0.894962 0.038927 0.066610
0 0.114619 0.297609 0.043253 0.046968
0 0.203720 0.479505 0.047578 0.048676
0 0.281358 0.641759 0.044550 0.052092
0 0.091696 0.805722 0.045848 0.045260
0 0.368080 0.786080 0.049308 0.038429
0 0.903330 0.375747 0.030709 0.039283
0 0.880407 0.400512 0.029844 0.049530
0 0.907223 0.593937 0.028979 0.043553
0 0.930363 0.816823 0.020761 0.048676
0 0.964100 0.906490 0.039792 0.048676
0 0.934905 0.922289 0.045415 0.042699
0 0.826125 0.926985 0.036332 0.036721
0 0.673659 0.821093 0.039360 0.045260
0 0.762111 0.772417 0.040657 0.036721
0 0.553417 0.707088 0.022924 0.040991
0 0.435337 0.607600 0.032439 0.024765
0 0.484645 0.619983 0.036765 0.040991
0 0.589100 0.612724 0.026817 0.050384
0 0.658737 0.610162 0.060554 0.038429
0 0.744810 0.571734 0.027682 0.038429
0 0.258434 0.464987 0.018599 0.043553
0 0.217128 0.528608 0.044118 0.037575
0 0.105753 0.607600 0.044550 0.041845
0 0.142734 0.665243 0.048443 0.052946
0 0.195502 0.318531 0.025952 0.039283
0 0.241782 0.227583 0.030277 0.031597
0 0.184689 0.172502 0.024221 0.030743
0 0.139273 0.126388 0.028547 0.030743
0 0.102725 0.233134 0.035900 0.032451
0 0.153330 0.269855 0.025519 0.037575
0 0.155061 0.295047 0.027249 0.029889
0 0.025952 0.246371 0.033737 0.035013
0 0.105320 0.901793 0.029844 0.047822
0 0.501081 0.945346 0.038495 0.034159
0 0.400519 0.932963 0.035467 0.031597
0 0.864403 0.687447 0.025519 0.035867
0 0.812284 0.667805 0.032872 0.032451
0 0.987673 0.386422 0.019464 0.023057
0 0.974697 0.082408 0.047145 0.050384
0 0.987673 0.106746 0.022924 0.030743
0 0.387543 0.344577 0.041522 0.026473
0 0.094939 0.980786 0.032439 0.031597
0 0.052984 0.946627 0.035035 0.038429