0 0.94921875 0.53125 0.03125 0.04296875
0 0.4892578125 0.5048828125 0.033203125 0.044921875
0 0.3154296875 0.09375 0.033203125 0.03515625
0 0.2353515625 0.076171875 0.033203125 0.04296875
0 0.0576171875 0.0419921875 0.033203125 0.041015625
0 0.6318359375 0.1474609375 0.033203125 0.041015625
0 0.4892578125 0.8388671875 0.033203125 0.037109375
0 0.326171875 0.884765625 0.03515625 0.0390625
0 0.2275390625 0.6162109375 0.033203125 0.056640625
0 0.533203125 0.6416015625 0.03515625 0.021484375
0 0.880859375 0.720703125 0.0390625 0.0390625
0 0.14453125 0.15625 0.03515625 0.04296875
0 0.0986328125 0.1396484375 0.037109375 0.037109375
0 0.345703125 0.0087890625 0.0390625 0.017578125
0 0.3720703125 0.048828125 0.048828125 0.03125
0 0.6796875 0.4169921875 0.03515625 0.033203125
0 0.6640625 0.43359375 0.03125 0.03515625
0 0.5771484375 0.826171875 0.044921875 0.03125
0 0.259765625 0.857421875 0.046875 0.046875
0 0.095703125 0.951171875 0.0234375 0.02734375
0 0.0966796875 0.89453125 0.037109375 0.02734375
