0 0.720703125 0.0859375 0.03125 0.03125
0 0.96484375 0.078125 0.03125 0.03125
0 0.98046875 0.078125 0.03125 0.03125
0 0.806640625 0.357421875 0.03125 0.03125
0 0.802734375 0.47265625 0.03125 0.03125
0 0.84765625 0.92578125 0.03125 0.03125
0 0.6484375 0.86328125 0.03125 0.03125
0 0.642578125 0.849609375 0.03125 0.03125
0 0.146484375 0.7578125 0.03125 0.03125
0 0.16015625 0.7578125 0.03125 0.03125
0 0.14453125 0.5078125 0.03125 0.03125
0 0.18212890625 0.98779296875 0.0322265625 0.0224609375
0 0.23046875 0.982421875 0.03125 0.03125
0 0.205078125 0.181640625 0.03125 0.03125
0 0.0126953125 0.05078125 0.025390625 0.03125
0 0.0126953125 0.068359375 0.025390625 0.03125