0 0.2421875 0.728515625 0.03125 0.03125
0 0.33203125 0.521484375 0.03125 0.03125
0 0.35546875 0.513671875 0.03125 0.03125
0 0.248046875 0.33984375 0.03125 0.03125
0 0.265625 0.328125 0.03125 0.03125
0 0.251953125 0.330078125 0.03125 0.03125
0 0.5859375 0.353515625 0.03125 0.03125
0 0.826171875 0.353515625 0.03125 0.03125
0 0.884765625 0.375 0.03125 0.03125
0 0.89453125 0.3671875 0.03125 0.03125
0 0.90234375 0.373046875 0.03125 0.03125
0 0.912109375 0.375 0.03125 0.03125
0 0.962890625 0.478515625 0.03125 0.03125
0 0.830078125 0.373046875 0.03125 0.03125
0 0.921875 0.685546875 0.03125 0.03125
0 0.921875 0.66796875 0.03125 0.03125
0 0.8515625 0.751953125 0.03125 0.03125
0 0.83984375 0.740234375 0.03125 0.03125
0 0.85546875 0.740234375 0.03125 0.03125
0 0.59375 0.685546875 0.03125 0.03125
0 0.548828125 0.708984375 0.03125 0.03125
0 0.552734375 0.689453125 0.03125 0.03125
0 0.537109375 0.693359375 0.03125 0.03125
0 0.5 0.53515625 0.03125 0.03125
0 0.501953125 0.544921875 0.03125 0.03125
0 0.505859375 0.55078125 0.03125 0.03125
0 0.466796875 0.048828125 0.03125 0.03125
0 0.482421875 0.0390625 0.03125 0.03125
0 0.4609375 0.02734375 0.03125 0.03125
0 0.447265625 0.02734375 0.03125 0.03125
0 0.443359375 0.0390625 0.03125 0.03125