0 0.286548 0.105892 0.052336 0.052946
0 0.407007 0.650299 0.051038 0.067464
0 0.294118 0.592229 0.054498 0.064048
0 0.362889 0.497011 0.050173 0.051238
0 0.439230 0.763450 0.044550 0.059778
0 0.944637 0.899658 0.051038 0.067464
0 0.857050 0.462425 0.056661 0.069172
0 0.507353 0.590521 0.044983 0.050384
0 0.774438 0.952605 0.049740 0.062340
0 0.585208 0.949189 0.050173 0.057216
0 0.238538 0.883433 0.055796 0.058924
0 0.044118 0.833903 0.027682 0.045260
0 0.041522 0.901366 0.039792 0.029889
0 0.119810 0.578992 0.046713 0.052946
0 0.226644 0.482067 0.049308 0.046968
0 0.261462 0.376601 0.046280 0.039283
0 0.361808 0.403074 0.047145 0.042699
0 0.469291 0.304868 0.040657 0.052946
0 0.568339 0.323655 0.047578 0.046114
0 0.645545 0.350982 0.048010 0.054654
0 0.658953 0.312553 0.053201 0.047822
0 0.564446 0.147737 0.045848 0.051238
0 0.465398 0.051238 0.047578 0.037575
0 0.462154 0.082408 0.049740 0.040137
0 0.449827 0.154569 0.045848 0.063194
0 0.685337 0.080273 0.041090 0.056362
0 0.860510 0.053373 0.048875 0.052092
0 0.794334 0.084116 0.055796 0.043553
0 0.774221 0.185739 0.031142 0.060632
0 0.873702 0.277114 0.032872 0.062340
0 0.939014 0.229291 0.048443 0.038429
0 0.940311 0.295047 0.029412 0.053800
0 0.936851 0.330060 0.049308 0.036721
0 0.860294 0.321520 0.028547 0.052092
0 0.881488 0.325790 0.028547 0.043553
0 0.705666 0.169940 0.037630 0.040991
0 0.684040 0.158839 0.029844 0.044406
0 0.689446 0.211785 0.029412 0.030743
0 0.714749 0.116567 0.024654 0.043553
0 0.865052 0.165670 0.019031 0.039283
0 0.886246 0.111870 0.034602 0.049530
0 0.920199 0.093083 0.038495 0.037575
0 0.676903 0.452178 0.036332 0.040137
0 0.772491 0.511102 0.033737 0.029889
0 0.841047 0.514944 0.035035 0.037575
0 0.713884 0.613151 0.048875 0.044406
0 0.721237 0.633646 0.022059 0.040991
0 0.759732 0.605465 0.025519 0.034159
0 0.743728 0.588813 0.028114 0.028181
0 0.757569 0.574722 0.035035 0.044406
0 0.587154 0.777968 0.032439 0.029035
0 0.631055 0.640478 0.022491 0.040991
0 0.849913 0.906917 0.031142 0.030743
0 0.889490 0.892400 0.028979 0.030743
0 0.921280 0.763877 0.038062 0.052092
0 0.442474 0.912468 0.020761 0.045260
0 0.472967 0.980359 0.038495 0.023911
0 0.600779 0.976089 0.038927 0.037575
0 0.661548 0.921862 0.036765 0.028181
0 0.669983 0.956020 0.037197 0.024765
0 0.199394 0.753202 0.054498 0.042699
0 0.143166 0.683604 0.045848 0.052092
0 0.184689 0.641759 0.026817 0.038429
0 0.282872 0.675491 0.029412 0.037575
0 0.089317 0.515798 0.040225 0.054654
0 0.029196 0.336892 0.024654 0.064048
0 0.070502 0.334757 0.044118 0.032451
0 0.057742 0.213066 0.023789 0.048676
0 0.080882 0.204099 0.030277 0.025619
0 0.214317 0.288642 0.058391 0.034159
0 0.194637 0.261742 0.028547 0.036721
0 0.206099 0.238258 0.035035 0.025619
0 0.319420 0.342442 0.033304 0.037575
0 0.347535 0.323655 0.022924 0.046114
0 0.405926 0.376601 0.048010 0.030743
0 0.423875 0.443211 0.039792 0.037575
0 0.453287 0.466268 0.030277 0.030743
0 0.569637 0.503843 0.019031 0.040991
0 0.293901 0.852263 0.028979 0.035867
0 0.171064 0.854398 0.029844 0.031597
0 0.152249 0.822801 0.042388 0.031597
0 0.082829 0.870623 0.025519 0.029889
0 0.587370 0.234842 0.038927 0.040991
0 0.523356 0.055508 0.032872 0.042699
0 0.973832 0.951324 0.035035 0.039283
0 0.984862 0.969684 0.027682 0.036721
0 0.056661 0.494022 0.025087 0.040137